sequenceDouble
3.72604892776e-01
6.92920754654e-01
8.10286657866e-01
1.20871721354e-03
2.89708464436e-02
6.78944144143e-01
3.08221593676e-01
5.31138408260e-01
9.41052210203e-01
6.79413354461e-01
7.48207926075e-01
9.50696210843e-03
5.48269912638e-01
9.35617810105e-01
7.75052562610e-01
2.33047244783e-01
2.88681838595e-01
2.51410328015e-02
3.33974749512e-01
9.03118090226e-02
7.71631828678e-01
7.53291693724e-01
6.72348937936e-01
1.57538554959e-01
7.38067229777e-02
3.08643846822e-01
6.62035452698e-01
3.10686252114e-01
3.01861016564e-01
3.68628208110e-01
9.32308520099e-01
6.76280722879e-01
7.72630779136e-02
7.76274443678e-03
4.96835739440e-01
2.12596503318e-01
8.84851935795e-01
8.70253411264e-01
3.14925435496e-01
7.14488506769e-01
9.55722341975e-01
9.65318467062e-01
7.73710024397e-01
6.98197335484e-01
1.94003291949e-01
8.84992173711e-01
5.58689995944e-01
5.70389226921e-01
5.62338554821e-01
9.58568582566e-01
3.65099875209e-01
6.63340440165e-01
1.54553286851e-02
1.50190303125e-01
9.51170479107e-01
2.57824133936e-01
2.67017424049e-01
5.46242250604e-01
2.32248546042e-01
8.30673924163e-01
7.86189969448e-01
4.13933397617e-01
4.94595379118e-02
8.73180554808e-01
7.47780913059e-01
6.12968470226e-01
3.46987055013e-01
3.37118279610e-01
6.79500306774e-01
5.47570446524e-01
9.08312849252e-01
6.93081676941e-01
3.59208361489e-01
6.49166154864e-01
4.92634447751e-01
3.72758058269e-01
4.03951629936e-01
8.16558560633e-01
8.81784825249e-01
6.14006374760e-01
1.99502915997e-01
1.77195563677e-01
5.62501480594e-01
7.58996545658e-01
8.04117399388e-02
7.27733143556e-01
2.57011479720e-01
2.76628240176e-01
1.41426395694e-01
8.81869060654e-01
7.72520797969e-01
8.17522089790e-01
6.39176578613e-01
9.03749384347e-01
9.23075375880e-01
9.88399378504e-01
7.61385065103e-01
9.45754615158e-01
7.62734624018e-01
1.17582645131e-01
