sequenceDouble
3.72604892776e-01
6.92920754654e-01
8.10286657866e-01
1.20871721354e-03
2.89708464436e-02
6.78944144143e-01
3.08221593676e-01
5.31138408260e-01
9.41052210203e-01
6.79413354461e-01
7.48207926075e-01
9.50696210843e-03
5.48269912638e-01
9.35617810105e-01
7.75052562610e-01
2.33047244783e-01
2.88681838595e-01
2.51410328015e-02
3.33974749512e-01
9.03118090226e-02
7.71631828678e-01
7.53291693724e-01
6.72348937936e-01
1.57538554959e-01
7.38067229777e-02
3.08643846822e-01
6.62035452698e-01
3.10686252114e-01
3.01861016564e-01
3.68628208110e-01
