sequenceDouble
1.20871721354e-03
6.76318763820e-03
7.76274443678e-03
9.50696210843e-03
1.09378877323e-02
1.19752343030e-02
1.54553286851e-02
1.56004138090e-02
1.66283259153e-02
1.67461519516e-02
1.72111378478e-02
1.80052608443e-02
1.99353474641e-02
2.03829196972e-02
2.12312816075e-02
2.12344951303e-02
2.15159370525e-02
2.51410328015e-02
2.89708464436e-02
2.99135670973e-02
3.00904617218e-02
3.46044181637e-02
3.97273653364e-02
4.06519340737e-02
4.22352740844e-02
4.40767945525e-02
4.45535408289e-02
4.54007044853e-02
4.63753706631e-02
4.94595379118e-02
5.01671610823e-02
5.67687835821e-02
5.90381501786e-02
6.15390585528e-02
6.20754129614e-02
6.21329636596e-02
6.38516603466e-02
6.41370811620e-02
6.83846442993e-02
7.05554094517e-02
7.12714083436e-02
7.23314584967e-02
7.38067229777e-02
7.49057339295e-02
7.72630779136e-02
7.82013974479e-02
8.04117399388e-02
8.08592020173e-02
8.29098851535e-02
8.47586529539e-02
8.55751533923e-02
8.62997243046e-02
8.65471380473e-02
8.69408279818e-02
8.87887115883e-02
9.03118090226e-02
9.16366695371e-02
9.35274746602e-02
9.40162512332e-02
9.63082243052e-02
1.00384729164e-01
1.01925934142e-01
1.04126105787e-01
1.05056346546e-01
1.06639731047e-01
1.07016111639e-01
1.09630245311e-01
1.11476466786e-01
1.12653914060e-01
1.16139609067e-01
1.17582645131e-01
1.21975195121e-01
1.23214671722e-01
1.24983626143e-01
1.28166724271e-01
1.28393303725e-01
1.36210821975e-01
1.41426395694e-01
1.42913725884e-01
1.46547892287e-01
1.49787537391e-01
1.50190303125e-01
1.51202915452e-01
1.57189207390e-01
1.57538554959e-01
1.69294053624e-01
1.69415317833e-01
1.69762282872e-01
1.69787250715e-01
1.71886119066e-01
1.74914465161e-01
1.75880821816e-01
1.77195563677e-01
1.80720699224e-01
1.81440183252e-01
1.84845523145e-01
1.86180337906e-01
1.94003291949e-01
1.94475145095e-01
1.97606972531e-01
1.99502915997e-01
1.99758420125e-01
2.01788672006e-01
2.05134813978e-01
2.07412860031e-01
2.08683466947e-01
2.08941369145e-01
2.10403242698e-01
2.12596503318e-01
2.16299904801e-01
2.17276246775e-01
2.17376519015e-01
2.18148397767e-01
2.19473538280e-01
2.20060154488e-01
2.20888325254e-01
2.22009280213e-01
2.25715359161e-01
2.28130872195e-01
2.32248546042e-01
2.32488945512e-01
2.33047244783e-01
2.34734643853e-01
2.44570557869e-01
2.45206015086e-01
2.49068363552e-01
2.50389499785e-01
2.53624872872e-01
2.56858707941e-01
2.57011479720e-01
2.57824133936e-01
2.58280799713e-01
2.60015403669e-01
2.62126660765e-01
2.64974005402e-01
2.67017424049e-01
2.68122797421e-01
2.68735212320e-01
2.76424563654e-01
2.76628240176e-01
2.81194398403e-01
2.84467470032e-01
2.88681838595e-01
2.91837265228e-01
2.92060619641e-01
2.97264622308e-01
2.98109682900e-01
3.01165723437e-01
3.01390622625e-01
3.01861016564e-01
3.06062436607e-01
3.08221593676e-01
3.08643846822e-01
3.10288981782e-01
3.10686252114e-01
3.13000690165e-01
3.14925435496e-01
3.15114781221e-01
3.24020535040e-01
3.25116434007e-01
3.33974749512e-01
3.37118279610e-01
3.39216086874e-01
3.39222077321e-01
3.41206084316e-01
3.42809152633e-01
3.43251745911e-01
3.44191598459e-01
3.45158172843e-01
3.45433244841e-01
3.45677850770e-01
3.45809666132e-01
3.46987055013e-01
3.47286797193e-01
3.48679741347e-01
3.51707675517e-01
3.59208361489e-01
3.59516123706e-01
3.60509206288e-01
3.60835124626e-01
3.61144693271e-01
3.62515859514e-01
3.62907683539e-01
3.65099875209e-01
3.65430497706e-01
3.67168273896e-01
3.68628208110e-01
3.71937057611e-01
3.72099351714e-01
3.72358420527e-01
3.72604892776e-01
3.72758058269e-01
3.77796458992e-01
3.86790654373e-01
3.89273239662e-01
3.92140207268e-01
4.03951629936e-01
4.04598846180e-01
4.09240034055e-01
4.11582580052e-01
4.13933397617e-01
4.18927931272e-01
4.23057592434e-01
4.26171249719e-01
4.26899335816e-01
4.29616598922e-01
4.33685393767e-01
4.38349863184e-01
4.41173394613e-01
4.46091548105e-01
4.48772508836e-01
4.49080409469e-01
4.50291736774e-01
4.51157082621e-01
4.51263837175e-01
4.54872017896e-01
4.58794878825e-01
4.59663807364e-01
4.64779743672e-01
4.67334796252e-01
4.68362152045e-01
4.69481629561e-01
4.69830509970e-01
4.70078140745e-01
4.73195182154e-01
4.79145806636e-01
4.82812855699e-01
4.83734943983e-01
4.84000472129e-01
4.84931777537e-01
4.88735163319e-01
4.91155286188e-01
4.92634447751e-01
4.96699103853e-01
4.96835739440e-01
4.96856454552e-01
4.97925190316e-01
4.99902387655e-01
5.04819022341e-01
5.05240415752e-01
5.09177606711e-01
5.10688329601e-01
5.12738872727e-01
5.13319754237e-01
5.17047460120e-01
5.23561971790e-01
5.27421878436e-01
5.31138408260e-01
5.32557669017e-01
5.33916991150e-01
5.34975981840e-01
5.35144097244e-01
5.39998194346e-01
5.41741743795e-01
5.44457214643e-01
5.46242250604e-01
5.47570446524e-01
5.48269912638e-01
5.48332179580e-01
5.50715365917e-01
5.52878246783e-01
5.54412567963e-01
5.56627955318e-01
5.58689995944e-01
5.62338554821e-01
5.62501480594e-01
5.63427779327e-01
5.64622973641e-01
5.65719776047e-01
5.66402144781e-01
5.67475640850e-01
5.68933711727e-01
5.69170453738e-01
5.70389226921e-01
5.70541445537e-01
5.72452185510e-01
5.72699107108e-01
5.72985273628e-01
5.75966550817e-01
5.77554036312e-01
5.78279396795e-01
5.83521276800e-01
5.85833996271e-01
5.86262650312e-01
5.86316435860e-01
5.89007566197e-01
5.90756781201e-01
5.93379978286e-01
5.95039418038e-01
5.95425239627e-01
5.95881583197e-01
5.98121854971e-01
5.98156452697e-01
5.99887150448e-01
6.03027465370e-01
6.03497804678e-01
6.03792284140e-01
6.05488100395e-01
6.06225182005e-01
6.07064795624e-01
6.07523193042e-01
6.07639717896e-01
6.07924997034e-01
6.11474036438e-01
6.12968470226e-01
6.13301951710e-01
6.14006374760e-01
6.20580553475e-01
6.23661722377e-01
6.24111211139e-01
6.24136796224e-01
6.25367210988e-01
6.25867895656e-01
6.30806953607e-01
6.30982421340e-01
6.31119731137e-01
6.31405503095e-01
6.34998326376e-01
6.35722711860e-01
6.36998940622e-01
6.37235215214e-01
6.37969240029e-01
6.39176578613e-01
6.39628868706e-01
6.41851982255e-01
6.43295164128e-01
6.46786252560e-01
6.49166154864e-01
6.55060947945e-01
6.55811137887e-01
6.55838169722e-01
6.57080530453e-01
6.58640411090e-01
6.62035452698e-01
6.63340440165e-01
6.69612400929e-01
6.70418410635e-01
6.70870956516e-01
6.72348937936e-01
6.75774903173e-01
6.75965574312e-01
6.76280722879e-01
6.78944144143e-01
6.79204882466e-01
6.79413354461e-01
6.79500306774e-01
6.80077319775e-01
6.81349450893e-01
6.81416196454e-01
6.84856036591e-01
6.85152620861e-01
6.91783007027e-01
6.92920754654e-01
6.93081676941e-01
6.95671893153e-01
6.98197335484e-01
6.99455221337e-01
7.00606091440e-01
7.04985628674e-01
7.05195434387e-01
7.09520257930e-01
7.09961759850e-01
7.10915949054e-01
7.14488506769e-01
7.16055914152e-01
7.26446584560e-01
7.27209550859e-01
7.27733143556e-01
7.28618392341e-01
7.33017636847e-01
7.33093906739e-01
7.34848242716e-01
7.35023310779e-01
7.38005744788e-01
7.42640751016e-01
7.43147590057e-01
7.45751288544e-01
7.47215177069e-01
7.47780913059e-01
7.48207926075e-01
7.53291693724e-01
7.57282650832e-01
7.58996545658e-01
7.59772876747e-01
7.61385065103e-01
7.62734624018e-01
7.63349336977e-01
7.63962201603e-01
7.67863249885e-01
7.71631828678e-01
7.71848665600e-01
7.72520797969e-01
7.73710024397e-01
7.74945055626e-01
7.75052562610e-01
7.79569663095e-01
7.80898561742e-01
7.84624929516e-01
7.85497864011e-01
7.86189969448e-01
7.91348132069e-01
7.93109148436e-01
8.04399866922e-01
8.04876027235e-01
8.07438269966e-01
8.09431024392e-01
8.10286657866e-01
8.11810088157e-01
8.13990731033e-01
8.16558560633e-01
8.17522089790e-01
8.18311787568e-01
8.19036676471e-01
8.21137518469e-01
8.30673924163e-01
8.30779569229e-01
8.31057476731e-01
8.32860961585e-01
8.34924677469e-01
8.35059420256e-01
8.37734444709e-01
8.38542462414e-01
8.39186273256e-01
8.40850080295e-01
8.40964347069e-01
8.44607276102e-01
8.47067497697e-01
8.49559849931e-01
8.51219066058e-01
8.54914024505e-01
8.58896441595e-01
8.58907435983e-01
8.64163306593e-01
8.65016881400e-01
8.70253411264e-01
8.70567884073e-01
8.73180554808e-01
8.78390683192e-01
8.79556091141e-01
8.79692341373e-01
8.81784825249e-01
8.81810378316e-01
8.81869060654e-01
8.82232003397e-01
8.83135019587e-01
8.83690137683e-01
8.84851935795e-01
8.84992173711e-01
8.85989955524e-01
8.92067065381e-01
8.92316815705e-01
8.95675223995e-01
8.99234330956e-01
9.00424060655e-01
9.03749384347e-01
9.06835007235e-01
9.08122401393e-01
9.08312849252e-01
9.08921204334e-01
9.13807138270e-01
9.14070544962e-01
9.15548211443e-01
9.16600976418e-01
9.19825258415e-01
9.19944163043e-01
9.20424246910e-01
9.22879378047e-01
9.23075375880e-01
9.23323452401e-01
9.29030507155e-01
9.30395771219e-01
9.32308520099e-01
9.35351015962e-01
9.35617810105e-01
9.41052210203e-01
9.42793482898e-01
9.45754615158e-01
9.46195801708e-01
9.51170479107e-01
9.53493565295e-01
9.54042636921e-01
9.54589235207e-01
9.55722341975e-01
9.57237168093e-01
9.58568582566e-01
9.63658758221e-01
9.65318467062e-01
9.72116304933e-01
9.72543891319e-01
9.76977796988e-01
9.83151585542e-01
9.83289119997e-01
9.84907347274e-01
9.88399378504e-01
9.89014121242e-01
9.90137653270e-01
9.91186886182e-01
9.91989608987e-01
9.92417846389e-01
9.96306404274e-01
