sequenceInt
0
11
387
152
80
30
204
360
94
158
86
87
52
55
6
479
499
6
11
80
34
204
54
6
479
195
62
11
24
73
87
114
59
15
159
80
2
98
54
376
38
159
6
54
0
21
44
446
60
225
82
46
159
3
0
159
426
89
35
0
403
4
59
142
46
59
15
21
30
35
35
44
94
360
37
6
80
225
19
59
0
47
0
204
7
159
59
0
54
152
73
59
44
24
98
479
79
6
0
159
360
387
54
39
426
22
80
499
403
86
479
479
21
50
225
59
152
38
30
7
220
387
35
11
30
22
322
92
165
22
204
52
4
44
152
59
49
322
76
204
16
37
159
152
54
3
322
30
22
7
159
19
0
19
22
92
152
130
322
0
322
56
49
47
139
82
111
376
16
82
21
87
82
499
322
37
44
87
83
116
60
55
360
87
24
426
87
376
6
87
39
87
19
479
11
82
46
76
44
446
116
3
15
54
0
130
16
87
152
82
152
19
65
32
80
159
34
80
41
387
387
60
37
54
60
0
322
59
15
59
21
376
322
54
73
499
176
152
21
7
91
19
82
22
135
152
82
322
203
22
6
376
54
80
22
47
2
11
426
159
2
4
54
86
44
32
479
59
111
322
322
98
16
59
49
4
225
2
39
37
98
59
80
376
156
37
360
98
11
99
34
82
2
11
80
56
189
499
15
111
403
152
44
152
35
177
46
95
80
426
98
133
159
30
11
225
446
60
2
55
44
183
0
387
44
52
4
403
59
59
47
87
54
16
376
446
4
37
159
52
11
98
225
98
11
30
34
100
22
37
24
73
54
21
173
24
82
44
403
204
0
59
322
82
276
376
80
38
7
82
88
3
376
98
80
54
0
152
499
59
55
44
73
11
43
86
233
0
54
59
204
92
21
15
159
32
82
479
403
204
59
204
360
0
387
7
34
499
82
50
43
98
3
59
360
54
446
87
11
204
82
30
21
80
139
88
0
376
80
322
133
7
11
54
11
54
54
6
62
47
204
3
360
87
95
19
0
73
89
44
89
403
159
152
376
60
37
187
38
376
133
403
376
80
59
49
7
15
387
22
80
62
403
204
225
360
303
21
56
0
43
39
44
62
82
55
80
44
82
87
16
54
172
7
60
204
50
360
403
0
