sequenceInt
27
92
79
89
52
62
87
56
29
26
42
21
70
15
44
64
26
84
62
65
61
37
98
6
39
66
16
60
35
7
56
98
61
4
17
66
14
78
5
13
19
87
1
62
98
34
36
42
11
60
74
37
61
4
57
86
76
67
34
36
68
28
99
63
44
31
72
78
55
17
7
78
66
13
31
58
2
42
99
44
5
19
66
8
70
54
56
6
13
98
25
21
44
68
54
8
87
29
1
16
24
44
28
21
70
44
18
70
25
2
51
90
73
67
50
88
46
96
79
53
20
44
28
21
70
18
21
68
63
44
29
84
1
3
87
0
92
82
89
52
99
12
44
68
24
87
38
32
26
1
81
43
77
72
55
55
72
13
30
39
38
84
29
56
1
57
74
94
64
48
36
9
42
11
90
45
86
66
5
60
34
9
90
42
11
61
74
10
4
49
32
29
84
56
1
77
81
55
4
30
95
41
86
11
47
95
75
40
47
67
9
34
2
36
60
30
81
91
77
49
21
24
18
28
20
35
86
78
66
11
96
88
23
69
93
86
11
41
67
95
56
6
94
65
84
77
81
39
91
43
22
51
90
36
75
22
90
73
67
50
63
53
80
68
97
63
79
52
25
68
17
56
6
18
25
31
72
39
77
30
6
17
54
1
87
74
65
33
10
64
15
99
80
50
2
69
83
91
96
46
76
5
35
42
2
4
37
74
6
10
1
98
87
65
64
52
68
53
25
80
65
3
62
74
57
64
74
61
57
4
7
5
78
14
35
73
90
75
51
22
63
12
25
28
18
59
96
83
46
91
21
2
44
24
20
37
74
79
57
61
55
31
30
13
81
67
90
51
22
75
57
37
10
65
61
67
41
95
73
90
90
11
60
67
73
39
81
30
49
43
7
14
66
13
45
53
0
88
23
89
63
52
68
58
82
30
77
43
39
49
27
80
92
0
52
59
69
91
93
96
94
32
38
26
1
88
46
69
93
96
11
47
45
40
35
1
19
29
8
62
23
46
96
79
89
97
0
52
79
88
51
73
22
67
76
43
59
81
83
49
0
27
82
79
53
96
46
69
83
59
84
48
32
64
38
41
40
75
47
67
46
69
93
59
88
89
52
80
22
82
6
4
62
56
55
0
0
0
0
0
