pbbs_sequencePoint3d
-5.02926376417e-01 -7.48016746597e-01 -4.71676457427e-01
7.77011517331e-01 1.16346117629e-01 -4.81560410690e-01
-3.00467647286e-01 8.94115256096e-01 -2.23739198979e-01
9.82053002334e-01 -2.05681008848e-01 -9.59667218830e-01
8.68992593078e-01 -4.57300067627e-01 -4.89441058826e-02
3.93250767790e-01 7.65109675827e-01 4.06842552781e-01
5.61758953874e-01 -2.02000232973e-01 -1.07394087644e-01
7.10925139352e-01 7.04329632085e-01 8.04519547990e-01
9.96204580179e-01 4.81697923262e-01 -1.76535945002e-01
-5.36004762881e-01 9.46366641645e-01 4.37737810164e-01
