sequenceInt
268
405
394
357
241
458
104
262
62
171
220
282
320
249
440
214
471
140
430
271
199
61
404
337
342
429
431
151
413
235
289
337
313
367
397
175
238
233
119
66
19
478
360
148
115
350
34
36
370
319
125
362
74
37
61
370
309
143
420
162
176
202
479
325
68
168
216
242
480
442
238
283
152
491
7
364
215
207
137
441
347
304
235
244
217
399
336
54
475
388
25
161
21
466
113
341
8
87
327
496
24
307
425
488
440
161
44
113
330
18
51
468
130
90
73
278
326
435
437
88
20
307
488
425
330
18
300
450
161
279
144
311
382
414
29
355
482
268
394
418
479
202
203
99
408
100
311
87
144
295
81
43
373
77
213
55
216
324
335
72
38
134
376
257
150
387
495
110
426
258
36
319
350
9
386
121
45
303
124
309
34
319
292
386
350
61
395
404
74
378
32
257
376
134
448
77
296
199
81
342
229
95
329
427
132
95
293
483
75
127
452
415
194
282
9
30
81
373
91
197
21
330
411
320
466
451
303
35
121
124
390
96
460
317
481
127
483
374
427
86
230
112
101
454
384
434
373
461
177
77
301
218
492
155
412
22
468
90
130
73
166
196
117
385
321
221
208
279
231
147
17
336
174
399
475
31
72
324
296
216
104
422
112
171
336
74
258
167
110
362
354
137
364
294
207
69
432
185
131
444
277
261
243
314
249
404
4
37
199
337
262
1
271
171
458
107
321
196
267
117
164
65
214
471
140
164
407
391
64
265
175
124
7
429
233
102
73
393
90
269
176
209
267
470
107
432
59
444
185
416
356
172
188
251
224
114
263
449
381
395
213
55
216
31
312
67
102
90
51
269
407
57
391
125
37
462
393
269
293
67
162
420
186
143
106
39
81
373
296
30
119
480
152
283
7
306
208
147
191
405
179
129
409
187
322
30
77
373
43
39
302
308
359
322
270
131
402
211
416
185
382
144
94
32
376
423
331
371
419
467
374
427
309
11
47
458
115
1
19
29
437
326
317
278
23
206
305
239
421
472
476
328
51
73
22
197
494
402
43
377
383
109
270
357
394
316
123
481
464
369
379
84
223
222
382
41
40
229
483
75
460
390
46
481
432
484
276
239
359
165
232
159
184
397
342
255
315
479
28
126
295
496
456
341
29
463
384
367
48
263
67
73
393
269
90
307
425
440
453
20
422
171
454
1
265
437
326
467
88
481
436
186
340
162
145
63
267
470
321
196
180
190
303
5
119
250
499
383
92
178
258
406
449
33
401
360
388
478
275
148
48
422
454
56
289
161
392
198
227
21
71
381
263
395
403
87
458
478
262
1
237
254
189
419
371
196
52
63
385
321
136
487
210
245
331
480
78
152
7
238
349
430
387
471
214
35
45
309
303
143
240
139
473
313
278
316
93
369
481
464
303
451
66
175
78
10
74
407
61
4
260
272
255
441
225
47
483
427
374
41
272
126
207
215
260
409
80
187
322
318
400
459
287
468
51
185
416
83
59
200
329
291
350
228
370
332
85
200
371
136
493
149
32
376
38
200
193
133
332
416
118
331
487
133
85
58
364
207
215
354
410
299
268
27
246
473
313
240
122
278
271
3
214
64
471
145
180
436
247
186
417
443
340
436
106
420
76
11
370
277
26
382
84
29
339
141
436
186
247
106
288
474
365
323
389
231
208
79
178
306
375
478
360
244
111
493
134
281
408
466
376
134
149
281
32
314
431
413
5
169
283
480
14
238
119
279
450
287
130
428
346
264
338
280
205
492
292
218
412
446
446
218
447
348
204
293
462
389
497
75
343
205
421
280
338
98
232
342
184
397
210
245
212
372
118
113
21
18
392
227
420
76
106
186
436
315
273
272
126
255
64
65
265
407
391
195
424
366
472
305
52
385
236
484
117
57
362
349
120
430
216
13
442
396
31
188
261
431
151
224
488
225
203
260
433
104
422
1
265
62
188
70
224
243
356
358
222
379
398
226
54
17
336
56
18
233
66
486
7
124
68
209
470
267
12
461
96
373
49
460
499
250
109
147
345
80
409
129
187
322
141
108
247
145
190
234
410
299
355
482
418
270
355
27
92
439
499
490
489
383
232
98
360
478
159
416
131
444
69
200
247
145
436
420
106
409
129
322
318
80
172
224
70
356
169
116
403
234
237
317
108
180
235
5
13
435
208
88
437
79
256
333
142
417
363
487
135
245
118
474
415
465
386
42
34
165
424
366
286
472
117
321
63
52
107
91
377
494
402
43
392
113
476
227
76
4
61
342
337
39
416
185
444
332
135
352
205
286
343
158
479
28
408
12
281
488
28
170
479
202
348
320
156
411
447
280
158
343
421
286
89
239
305
421
472
215
137
364
58
15
53
221
191
79
147
68
176
267
470
411
245
160
487
118
136
83
93
402
432
316
160
372
366
424
210
72
312
30
396
177
430
64
3
471
140
207
364
15
137
441
168
31
13
442
335
244
375
251
224
438
50
301
412
156
155
340
443
297
73
106
2
282
227
320
243
53
385
208
117
279
358
173
223
379
398
426
222
94
358
230
251
188
356
172
217
260
170
433
126
441
398
300
173
358
68
282
392
113
243
220
329
132
229
40
291
40
380
361
95
228
48
454
384
265
112
384
147
53
208
401
98
159
184
342
171
486
175
455
477
7
181
189
410
0
355
429
5
190
16
148
484
400
166
276
459
116
419
254
371
423
14
283
152
491
7
206
89
484
305
138
122
312
139
278
473
385
0
268
117
221
324
13
275
216
31
249
60
261
282
227
217
375
438
148
16
210
487
118
372
160
482
299
27
138
410
186
145
141
420
436
286
276
352
201
472
243
261
172
60
188
109
499
178
345
92
356
224
70
217
188
257
448
38
330
29
412
301
386
218
294
237
419
467
116
264
441
126
99
353
272
192
333
142
363
417
252
38
32
448
376
110
449
406
57
33
491
238
14
152
283
126
225
272
255
441
60
277
243
314
249
62
458
1
171
115
463
71
101
114
406
338
346
154
280
467
454
422
104
164
171
335
396
442
216
168
470
107
68
209
63
357
394
0
27
270
462
73
293
102
67
357
394
383
418
268
140
62
3
64
471
126
441
255
315
260
163
498
315
272
126
345
405
250
306
109
324
242
111
259
360
248
236
484
97
352
60
261
314
243
143
23
326
240
435
437
153
53
221
450
208
205
421
158
338
343
149
408
150
493
134
227
447
243
220
392
14
152
238
480
491
304
298
347
19
341
459
400
287
310
468
352
472
421
205
201
285
468
130
450
459
146
474
323
365
389
6
313
336
337
397
489
470
321
107
63
132
329
309
370
350
155
386
36
412
446
462
269
157
41
75
58
137
364
253
354
100
496
456
341
327
342
39
55
77
199
365
219
443
343
201
284
304
347
16
19
410
246
138
181
482
398
226
466
493
68
50
412
492
218
253
82
308
183
490
439
124
451
45
35
108
284
298
347
16
148
89
206
472
421
239
405
79
147
0
274
425
103
20
24
440
490
302
270
182
82
11
291
370
86
143
459
285
400
468
348
414
29
100
295
26
240
213
72
473
122
473
139
289
6
336
151
261
277
60
431
163
272
255
99
126
123
93
481
369
464
88
437
46
326
403
325
409
129
489
187
36
34
370
350
292
204
411
220
353
21
63
196
107
290
117
409
129
187
318
80
389
146
288
474
497
242
31
275
55
216
489
318
470
290
176
437
88
278
23
435
456
341
496
100
295
446
447
90
476
319
132
291
228
350
40
44
21
24
252
257
371
85
423
136
118
133
444
185
416
200
256
192
47
127
363
453
425
448
295
103
266
31
216
396
442
399
17
475
54
469
6
342
199
4
61
264
346
154
280
343
448
376
150
32
29
443
106
219
417
142
496
19
100
295
327
296
159
98
199
337
158
205
280
421
338
417
436
443
340
142
250
274
178
401
306
154
264
338
280
467
304
16
284
298
217
204
156
310
285
411
120
387
430
214
167
34
9
319
36
132
455
233
486
477
175
286
472
421
201
205
441
255
272
99
126
58
137
294
364
179
27
482
394
418
268
251
70
224
188
172
394
268
270
383
0
222
173
379
398
226
138
239
97
484
299
478
184
111
148
8
380
465
229
329
132
10
57
167
74
125
192
256
457
445
333
215
15
137
207
58
146
297
288
346
474
424
485
165
195
212
463
6
378
101
404
381
46
114
317
403
123
316
464
93
417
11
319
309
143
34
331
85
423
419
237
423
245
85
419
154
81
49
461
77
434
86
47
427
127
483
244
148
217
438
478
32
150
38
134
448
197
494
91
402
43
395
463
367
381
122
173
398
358
222
149
361
229
465
329
40
368
395
114
378
71
84
144
94
471
26
357
92
270
109
394
231
401
101
406
48
166
117
52
221
241
292
36
412
34
465
349
120
33
426
406
475
438
399
17
111
323
497
288
146
157
46
96
460
481
105
407
65
164
74
64
198
227
113
476
447
67
102
75
319
73
357
268
0
270
27
37
378
381
263
114
442
266
335
445
216
469
98
399
6
336
300
226
379
173
358
336
17
475
54
469
459
130
285
236
310
406
384
110
345
449
494
91
83
197
211
317
189
116
114
79
61
4
37
367
337
0
306
394
357
274
110
401
258
449
384
391
65
74
164
64
149
493
281
202
466
129
187
80
322
318
299
138
181
246
27
320
209
204
348
44
301
292
253
218
155
429
151
5
66
314
311
29
339
100
26
194
465
386
34
42
185
200
444
131
432
142
443
340
344
436
182
270
27
355
482
423
237
85
254
467
162
76
186
143
247
472
205
352
280
158
104
454
265
171
112
85
419
331
371
372
366
195
165
485
305
307
103
20
24
440
223
387
33
94
222
483
47
86
374
127
450
153
219
340
54
5
413
66
235
431
214
120
349
471
3
5
151
314
169
429
69
59
416
185
444
225
170
260
441
488
49
373
77
461
81
191
23
326
278
208
106
145
186
141
340
88
326
317
278
23
388
475
244
217
375
183
499
489
109
383
307
103
20
24
425
353
255
272
126
260
396
168
216
445
266
340
417
142
106
219
185
69
416
332
432
442
396
464
213
363
328
156
447
218
292
328
476
446
156
282
339
376
252
38
257
258
110
406
401
71
153
428
287
279
25
303
124
45
78
35
42
282
415
9
2
103
295
334
252
100
422
265
104
112
1
351
233
486
477
175
327
295
100
496
341
152
283
442
480
78
87
262
1
115
62
400
285
310
130
468
96
481
390
46
432
177
49
373
96
434
269
293
75
157
67
263
367
101
378
395
93
123
316
369
445
386
415
361
194
350
493
134
149
408
300
419
264
254
85
346
51
22
287
130
459
397
399
336
475
388
267
107
68
290
489
3
64
430
214
120
286
352
421
205
280
139
313
240
336
122
146
288
323
365
193
399
388
17
336
438
90
328
447
468
51
486
233
455
175
351
360
184
111
148
115
28
202
12
99
203
119
152
78
283
238
460
93
316
123
96
355
27
246
418
299
127
47
427
41
95
236
166
97
276
239
366
424
165
299
305
233
175
477
455
7
118
210
245
136
193
170
203
20
24
225
325
290
470
318
107
383
92
183
308
499
259
238
14
283
152
155
301
50
412
218
466
149
134
408
281
402
91
197
377
83
33
258
110
387
57
295
341
100
456
327
389
323
157
41
293
273
163
315
187
322
0
0
0
0
0
