sequenceInt
27
23
33
12
25
29
26
38
32
8
42
21
15
44
20
26
1
48
29
32
37
6
39
10
49
16
35
7
13
45
4
17
48
1
37
14
5
13
45
35
19
1
29
16
26
34
36
42
11
35
37
4
49
39
6
34
36
47
9
35
28
44
25
18
21
31
17
14
7
5
7
13
31
5
45
2
42
44
20
24
5
19
8
7
17
6
13
18
23
31
25
21
44
38
32
8
29
1
16
26
24
44
28
21
2
44
18
25
2
24
36
25
34
11
18
46
6
17
37
49
20
44
28
21
38
18
21
44
22
12
29
1
3
32
38
0
12
23
33
25
12
44
24
20
21
38
32
26
1
19
43
31
39
49
13
13
30
39
43
17
38
29
1
18
48
48
3
37
10
0
36
9
42
11
22
45
5
11
9
7
34
9
42
11
22
10
4
49
6
39
32
29
1
18
44
4
30
49
31
43
41
11
47
34
36
40
47
11
36
22
9
34
2
36
15
30
49
39
31
46
21
24
18
28
20
35
11
47
5
7
23
49
37
6
30
11
41
40
45
35
6
32
1
38
18
0
0
0
0
0
